[gd_scene load_steps=10 format=2]

[ext_resource path="res://Scripts/crate drop.gd" type="Script" id=1]
[ext_resource path="res://Scripts/Camera.gd" type="Script" id=2]
[ext_resource path="res://Scene/BlockLarge.tscn" type="PackedScene" id=3]
[ext_resource path="res://Scene/Character.tscn" type="PackedScene" id=4]
[ext_resource path="res://Scene/BlockLevel.tscn" type="PackedScene" id=5]
[ext_resource path="res://Scene/BlockSlope.tscn" type="PackedScene" id=6]

[sub_resource type="SpatialMaterial" id=1]
albedo_color = Color( 0.494118, 0.741176, 0.160784, 1 )

[sub_resource type="PlaneMesh" id=2]
material = SubResource( 1 )
size = Vector2( 20, 20 )

[sub_resource type="ConvexPolygonShape" id=3]
points = PoolVector3Array( 5, 0, 5, -5, 0, 5, 5, 0, -5, -5, 0, -5 )

[node name="Spatial" type="Spatial"]
script = ExtResource( 1 )

[node name="Ground" type="StaticBody" parent="."]

[node name="MeshInstance" type="MeshInstance" parent="Ground"]
mesh = SubResource( 2 )
material/0 = null

[node name="CollisionShape" type="CollisionShape" parent="Ground"]
shape = SubResource( 3 )

[node name="CameraHub" type="Spatial" parent="."]
transform = Transform( 1, 0, 0, 0, 1, 0, 0, 0, 1, 0, 2.38419e-07, 0 )

[node name="Camera" type="Camera" parent="CameraHub"]
transform = Transform( -0.187892, 0.285418, -0.939805, 0.0858316, 0.957957, 0.273771, 0.978432, -0.0292255, -0.20449, -10.5, 2.87981, -0.853143 )
script = ExtResource( 2 )

[node name="DirectionalLight" type="DirectionalLight" parent="."]
transform = Transform( 0.7739, 0.288236, 0.563914, -0.597254, 0.62832, 0.498499, -0.210633, -0.722588, 0.658407, 0, 5.72978, -3.02122 )
shadow_enabled = true

[node name="BlockLarge2" parent="." instance=ExtResource( 3 )]
transform = Transform( 1, 0, 0, 0, 1, 0, 0, 0, 1, 0, 0, 1 )

[node name="BlockLarge" parent="." instance=ExtResource( 3 )]
transform = Transform( 1, 0, 0, 0, 1, 0, 0, 0, 1, 0, 0, -1 )

[node name="BlockLarge4" parent="." instance=ExtResource( 3 )]
transform = Transform( 1, 0, 0, 0, 1, 0, 0, 0, 1, -2, 0, -1 )

[node name="BlockLarge5" parent="." instance=ExtResource( 3 )]
transform = Transform( 1, 0, 0, 0, 1, 0, 0, 0, 1, 3.5, 1, 0 )

[node name="BlockLarge6" parent="." instance=ExtResource( 3 )]
transform = Transform( 1, 0, 0, 0, 1, 0, 0, 0, 1, 1.5, 1, -2.5 )

[node name="Character" parent="BlockLarge6" instance=ExtResource( 4 )]
transform = Transform( 0.0871558, 0, -0.996195, 0, 1, 0, 0.996195, 0, 0.0871558, -5.65138, -0.5, 3.98478 )

[node name="BlockLarge3" parent="." instance=ExtResource( 3 )]
transform = Transform( 1, 0, 0, 0, 1, 0, 0, 0, 1, 2, 1, 2 )

[node name="BlockLevel" parent="." instance=ExtResource( 5 )]
transform = Transform( 1, 0, 0, 0, 1, 0, 0, 0, 1, 0, 0, 2 )

[node name="BlockLevel2" parent="." instance=ExtResource( 5 )]
transform = Transform( 1, 0, 0, 0, 1, 0, 0, 0, 1, 2, 1, 4 )

[node name="BlockLevel3" parent="." instance=ExtResource( 5 )]
transform = Transform( 1, 0, 0, 0, 1, 0, 0, 0, 1, 2, 1, 5.5 )

[node name="BlockSlope" parent="." instance=ExtResource( 6 )]
transform = Transform( -4.37114e-08, 0, 1, 0, 1, 0, -1, 0, -4.37114e-08, 0, 0, 2 )

[node name="BlockSlope2" parent="." instance=ExtResource( 6 )]
transform = Transform( -4.37114e-08, 0, 1, 0, 1, 0, -1, 0, -4.37114e-08, 2, 1, 2 )
